0 0 0 0 
3 0 0 0.5
5 0 0 0.5
1 1 0 0.5
3 1 0 0.5
3 1 0 1.5
4 1 0 0.5
2 1 0 2
2 1 0 1
5 1 0 0.5
7 0 0 0.5
1 1 0 2
3 1 0 0.5
4 1 0 0.5 
5 1 0 0.5
1 1 0 0.5
1 1 0 1 
2 1 0 0.5
3 1 0 0.5
3 1 0 2
3 0 0 0.5
5 0 0 0.5
1 1 0 0.5
3 1 0 0.5
3 1 0 1.5
4 1 0 0.5
2 1 0 2
2 1 0 1
5 1 0 0.5
7 0 0 0.5
1 1 0 2
3 1 0 0.5
4 1 0 0.5 
5 1 0 0.5
1 1 0 0.5
1 1 0 1 
2 1 0 1
1 1 0 2
1 1 0 0.5
3 0 0 0.5
4 0 0 0.5 
5 0 0 0.5
5 0 0 0.5
5 0 0 0.5
5 0 0 0.5
5 0 0 0.5
5 0 0 0.5
6 0 0 0.5
7 0 0 0.5
1 1 0 0.5
1 1 0 2
1 1 0 0.5
7 0 0 0.5
2 1 0 0.5
6 0 0 0.5
6 0 0 0.5
